lang	topsim		incons		wordtype
0	-0.158198	0.107143	9
1	-0.260199	0.064489	24
2	-0.222338	0.013624	9
3	-0.202804	0.032903	19
4	-0.236006	0.054377	9
5	-0.141188	0.114448	24
6	-0.177438	0.135593	18
7	-0.198999	0.046243	11
8	-0.198473	0.209600	8
9	-0.182394	0.105876	16
10	-0.296093	0.052083	10
11	-0.351408	0.000000	6
12	-0.211542	0.134921	18
13	-0.314464	0.036697	17
14	-0.263603	0.109948	12
15	-0.376975	0.025000	7
16	-0.041735	0.121325	16
17	-0.096474	0.114297	12
18	-0.193915	0.017630	19
19	-0.345179	0.002121	8
20	-0.383399	0.037500	9
21	-0.378516	0.013904	8
22	-0.323656	0.030154	4
23	-0.258260	0.078740	15
24	-0.399370	0.000000	7
25	-0.071258	0.005081	12
26	-0.122916	0.215569	33
27	-0.255059	0.009784	18
28	-0.382258	0.025157	7
29	-0.231511	0.000000	6
30	-0.135675	0.001369	6
31	-0.241085	0.286772	10
32	-0.370518	0.005714	7
33	-0.234750	0.151111	17
34	-0.284187	0.125000	11
35	-0.359517	0.000000	5
36	-0.320674	0.000000	9
37	-0.214572	0.049914	14
38	-0.242776	0.056838	15
39	-0.249398	0.001696	8
40	-0.426964	0.034270	10
41	-0.210704	0.036832	22
42	-0.169077	0.144934	18
43	-0.188465	0.081818	12
44	-0.234311	0.036649	11
45	-0.175046	0.028407	15
46	-0.218226	0.061416	8
47	-0.085265	0.009461	16
48	-0.393895	0.021226	10
49	-0.394044	0.001250	8
50	-0.278725	0.228525	19
51	-0.134519	0.281513	20
52	-0.479838	0.000000	4
53	-0.088605	0.055344	18
54	-0.284632	0.059761	11
55	-0.350702	0.028047	13
56	-0.242159	0.152256	10
57	-0.291448	0.074074	10
58	-0.124452	0.013453	17
59	-0.129586	0.063492	17
60	-0.228888	0.082534	13
61	-0.219478	0.053571	17
62	-0.261955	0.334684	22
63	-0.260982	0.191599	24
64	-0.222029	0.032609	9
65	-0.338266	0.245709	9
66	-0.215794	0.258333	29
67	-0.140527	0.082251	13
68	-0.150935	0.017352	15
69	-0.373264	0.004140	8
70	0.016633	0.033516	12
71	-0.349876	0.115742	14
72	-0.278280	0.052083	13
73	-0.494204	0.000000	4
74	-0.279931	0.051546	12
75	-0.217343	0.020040	29
76	-0.402420	0.000000	4
77	-0.057407	0.027778	11
78	-0.293118	0.002563	8
79	-0.362472	0.000423	8
80	-0.283641	0.020979	10
81	-0.312762	0.011577	15
82	-0.213885	0.050580	13
83	-0.290886	0.198795	24
84	-0.373604	0.010802	10
85	-0.217476	0.061927	11
86	-0.278546	0.091892	11
87	-0.031096	0.048565	16
88	-0.295840	0.008889	11
89	-0.397559	0.028736	7
90	-0.302551	0.007974	14
91	-0.331830	0.031250	11
92	-0.325856	0.029605	8
93	-0.301152	0.000000	10
94	-0.160817	0.064425	13
95	-0.306300	0.228111	7
96	-0.323765	0.183544	14
97	-0.313681	0.025822	12
98	-0.146847	0.014286	8
99	-0.360216	0.006944	6
100	-0.222041	0.034091	9
101	-0.322094	0.413926	12
102	-0.265879	0.314308	29
103	-0.477585	0.000000	5
104	-0.550724	0.000000	3
105	-0.300264	0.006811	12
106	-0.226661	0.008964	9
107	-0.297505	0.000000	7
108	-0.329646	0.071066	13
109	-0.364861	0.004684	12
lang	topsim		incons		wordtype
0	-0.190744	0.107143	9
1	-0.270953	0.064489	22
2	-0.303625	0.013624	9
3	-0.212123	0.032903	19
4	-0.236006	0.054377	9
5	-0.155855	0.114448	24
6	-0.172740	0.135593	20
7	-0.198999	0.046243	11
8	-0.198054	0.209600	8
9	-0.250878	0.105876	17
10	-0.294183	0.052083	10
11	-0.351408	0.000000	6
12	-0.163396	0.134921	19
13	-0.319985	0.036697	17
14	-0.242981	0.109948	12
15	-0.377580	0.025000	7
16	-0.023843	0.121325	18
17	-0.076779	0.114297	11
18	-0.191634	0.017630	19
19	-0.345179	0.002121	8
20	-0.383399	0.037500	9
21	-0.383412	0.013904	8
22	-0.317202	0.030154	5
23	-0.265362	0.078740	16
24	-0.399370	0.000000	7
25	-0.068961	0.005081	12
26	-0.138590	0.215569	34
27	-0.251824	0.009784	20
28	-0.381811	0.025157	7
29	-0.231511	0.000000	6
30	-0.135675	0.001369	6
31	-0.220625	0.286772	10
32	-0.370518	0.005714	7
33	-0.231921	0.151111	17
34	-0.274511	0.125000	12
35	-0.359517	0.000000	5
36	-0.320674	0.000000	9
37	-0.213659	0.049914	15
38	-0.231515	0.056838	16
39	-0.249398	0.001696	8
40	-0.439127	0.034270	10
41	-0.209409	0.036832	23
42	-0.157574	0.144934	21
43	-0.188465	0.081818	12
44	-0.227260	0.036649	11
45	-0.179292	0.028407	15
46	-0.218226	0.061416	8
47	-0.101023	0.009461	14
48	-0.392693	0.021226	9
49	-0.394044	0.001250	8
50	-0.292097	0.228525	22
51	-0.150472	0.281513	22
52	-0.479838	0.000000	4
53	-0.132513	0.055344	18
54	-0.280675	0.059761	11
55	-0.353289	0.028047	13
56	-0.244626	0.152256	10
57	-0.287327	0.074074	10
58	-0.132305	0.013453	17
59	-0.124479	0.063492	18
60	-0.228888	0.082534	13
61	-0.193105	0.053571	17
62	-0.270290	0.334684	22
63	-0.265894	0.191599	25
64	-0.222029	0.032609	9
65	-0.333971	0.245709	9
66	-0.209287	0.258333	30
67	-0.137457	0.082251	13
68	-0.142895	0.017352	15
69	-0.370726	0.004140	9
70	0.014565	0.033516	11
71	-0.361155	0.115742	14
72	-0.273922	0.052083	13
73	-0.494204	0.000000	4
74	-0.273226	0.051546	11
75	-0.210370	0.020040	28
76	-0.402420	0.000000	4
77	-0.056504	0.027778	11
78	-0.296465	0.002563	8
79	-0.364070	0.000423	8
80	-0.283671	0.020979	10
81	-0.283401	0.011577	16
82	-0.182313	0.050580	14
83	-0.281379	0.198795	25
84	-0.373604	0.010802	10
85	-0.217476	0.061927	11
86	-0.271181	0.091892	11
87	-0.003676	0.048565	17
88	-0.295930	0.008889	11
89	-0.397559	0.028736	7
90	-0.287858	0.007974	14
91	-0.340863	0.031250	11
92	-0.328606	0.029605	9
93	-0.301152	0.000000	10
94	-0.166088	0.064425	13
95	-0.306300	0.228111	7
96	-0.311833	0.183544	13
97	-0.313007	0.025822	12
98	-0.142496	0.014286	8
99	-0.360216	0.006944	6
100	-0.223869	0.034091	9
101	-0.107871	0.413926	13
102	-0.286099	0.314308	26
103	-0.477585	0.000000	5
104	-0.550724	0.000000	3
105	-0.300264	0.006811	12
106	-0.185114	0.008964	9
107	-0.297505	0.000000	7
108	-0.331489	0.071066	13
109	-0.364254	0.004684	12
lang	topsim		incons		wordtype
0	-0.190179	0.107143	9
1	-0.220853	0.064489	20
2	-0.221751	0.013624	9
3	-0.201198	0.032903	19
4	-0.236006	0.054377	9
5	-0.164766	0.114448	25
6	-0.163210	0.135593	19
7	-0.199283	0.046243	10
8	-0.200972	0.209600	8
9	-0.122920	0.105876	15
10	-0.296093	0.052083	10
11	-0.351408	0.000000	6
12	-0.154099	0.134921	19
13	-0.319985	0.036697	17
14	-0.236907	0.109948	12
15	-0.382386	0.025000	7
16	-0.036489	0.121325	17
17	-0.101919	0.114297	13
18	-0.201287	0.017630	20
19	-0.345179	0.002121	8
20	-0.383399	0.037500	9
21	-0.376182	0.013904	8
22	-0.318052	0.030154	5
23	-0.265589	0.078740	16
24	-0.399370	0.000000	7
25	-0.071458	0.005081	12
26	-0.138544	0.215569	34
27	-0.239612	0.009784	18
28	-0.382258	0.025157	7
29	-0.231511	0.000000	6
30	-0.135675	0.001369	6
31	-0.182228	0.286772	12
32	-0.370518	0.005714	7
33	-0.236062	0.151111	17
34	-0.284187	0.125000	11
35	-0.359517	0.000000	5
36	-0.320674	0.000000	9
37	-0.224832	0.049914	14
38	-0.226754	0.056838	16
39	-0.252862	0.001696	8
40	-0.425218	0.034270	10
41	-0.207399	0.036832	22
42	-0.149784	0.144934	22
43	-0.189944	0.081818	12
44	-0.234311	0.036649	11
45	-0.177698	0.028407	15
46	-0.221410	0.061416	8
47	-0.093946	0.009461	14
48	-0.394372	0.021226	10
49	-0.385725	0.001250	7
50	-0.277911	0.228525	18
51	-0.143381	0.281513	21
52	-0.479838	0.000000	4
53	-0.134904	0.055344	18
54	-0.284588	0.059761	11
55	-0.352559	0.028047	13
56	-0.249075	0.152256	11
57	-0.288475	0.074074	11
58	-0.129119	0.013453	16
59	-0.163498	0.063492	18
60	-0.228888	0.082534	13
61	-0.221321	0.053571	17
62	-0.271473	0.334684	21
63	-0.255063	0.191599	21
64	-0.234309	0.032609	9
65	-0.328954	0.245709	9
66	-0.206811	0.258333	30
67	-0.137173	0.082251	13
68	-0.157641	0.017352	15
69	-0.373264	0.004140	8
70	0.018408	0.033516	12
71	-0.357187	0.115742	14
72	-0.278280	0.052083	13
73	-0.494204	0.000000	4
74	-0.278751	0.051546	13
75	-0.214599	0.020040	31
76	-0.402420	0.000000	4
77	-0.057407	0.027778	11
78	-0.292997	0.002563	8
79	-0.362472	0.000423	8
80	-0.283671	0.020979	10
81	-0.260600	0.011577	16
82	-0.219641	0.050580	13
83	-0.293465	0.198795	27
84	-0.377197	0.010802	10
85	-0.212072	0.061927	11
86	-0.269920	0.091892	11
87	-0.016322	0.048565	17
88	-0.293548	0.008889	11
89	-0.397559	0.028736	7
90	-0.287858	0.007974	14
91	-0.337718	0.031250	11
92	-0.331050	0.029605	9
93	-0.301152	0.000000	10
94	-0.157034	0.064425	14
95	-0.306300	0.228111	7
96	-0.322483	0.183544	12
97	-0.323983	0.025822	12
98	-0.146847	0.014286	8
99	-0.360216	0.006944	6
100	-0.226210	0.034091	9
101	-0.196426	0.413926	13
102	-0.271968	0.314308	32
103	-0.477585	0.000000	5
104	-0.550724	0.000000	3
105	-0.300169	0.006811	12
106	-0.183645	0.008964	9
107	-0.297505	0.000000	7
108	-0.329646	0.071066	13
109	-0.364358	0.004684	12
lang	topsim		incons		wordtype
0	-0.187509	0.107143	9
1	-0.269442	0.064489	24
2	-0.224078	0.013624	9
3	-0.202665	0.032903	18
4	-0.236006	0.054377	9
5	-0.153554	0.114448	24
6	-0.163969	0.135593	19
7	-0.199748	0.046243	10
8	-0.201705	0.209600	8
9	-0.129923	0.105876	16
10	-0.294183	0.052083	10
11	-0.351408	0.000000	6
12	-0.169117	0.134921	16
13	-0.319985	0.036697	17
14	-0.267320	0.109948	12
15	-0.382386	0.025000	7
16	-0.048029	0.121325	17
17	-0.119078	0.114297	12
18	-0.201188	0.017630	19
19	-0.345754	0.002121	8
20	-0.383399	0.037500	9
21	-0.385765	0.013904	8
22	-0.317202	0.030154	5
23	-0.250478	0.078740	16
24	-0.399370	0.000000	7
25	-0.063589	0.005081	12
26	-0.132964	0.215569	31
27	-0.233970	0.009784	19
28	-0.381684	0.025157	7
29	-0.231511	0.000000	6
30	-0.135675	0.001369	6
31	-0.248741	0.286772	11
32	-0.370518	0.005714	7
33	-0.240963	0.151111	16
34	-0.274511	0.125000	12
35	-0.359517	0.000000	5
36	-0.320674	0.000000	9
37	-0.224832	0.049914	14
38	-0.251114	0.056838	15
39	-0.249398	0.001696	8
40	-0.440405	0.034270	10
41	-0.210641	0.036832	22
42	-0.164284	0.144934	19
43	-0.188465	0.081818	12
44	-0.227260	0.036649	11
45	-0.175286	0.028407	15
46	-0.218226	0.061416	8
47	-0.096906	0.009461	15
48	-0.393170	0.021226	9
49	-0.394044	0.001250	8
50	-0.301416	0.228525	19
51	-0.136426	0.281513	18
52	-0.479838	0.000000	4
53	-0.132513	0.055344	18
54	-0.280675	0.059761	11
55	-0.352020	0.028047	12
56	-0.238532	0.152256	11
57	-0.281509	0.074074	10
58	-0.130051	0.013453	17
59	-0.169400	0.063492	17
60	-0.228888	0.082534	13
61	-0.221321	0.053571	17
62	-0.297991	0.334684	22
63	-0.250983	0.191599	26
64	-0.234309	0.032609	9
65	-0.336490	0.245709	9
66	-0.215026	0.258333	28
67	-0.140298	0.082251	13
68	-0.150886	0.017352	15
69	-0.370381	0.004140	9
70	0.028248	0.033516	11
71	-0.342822	0.115742	14
72	-0.277970	0.052083	13
73	-0.494204	0.000000	4
74	-0.273006	0.051546	13
75	-0.213973	0.020040	30
76	-0.402420	0.000000	4
77	-0.057407	0.027778	11
78	-0.296465	0.002563	8
79	-0.362472	0.000423	8
80	-0.283671	0.020979	10
81	-0.291927	0.011577	15
82	-0.195765	0.050580	14
83	-0.274127	0.198795	25
84	-0.372508	0.010802	10
85	-0.212247	0.061927	11
86	-0.265217	0.091892	11
87	0.000509	0.048565	16
88	-0.295840	0.008889	11
89	-0.397559	0.028736	7
90	-0.302551	0.007974	14
91	-0.337213	0.031250	11
92	-0.316073	0.029605	9
93	-0.301152	0.000000	10
94	-0.163093	0.064425	13
95	-0.306300	0.228111	7
96	-0.288757	0.183544	13
97	-0.318719	0.025822	12
98	-0.146600	0.014286	8
99	-0.360512	0.006944	6
100	-0.221322	0.034091	9
101	-0.102515	0.413926	14
102	-0.275749	0.314308	31
103	-0.477585	0.000000	5
104	-0.550724	0.000000	3
105	-0.300264	0.006811	12
106	-0.183645	0.008964	9
107	-0.297505	0.000000	7
108	-0.330242	0.071066	13
109	-0.365296	0.004684	12
lang	topsim		incons		wordtype
0	-0.174156	0.107143	9
1	-0.214542	0.064489	23
2	-0.302634	0.013624	9
3	-0.205969	0.032903	19
4	-0.236006	0.054377	9
5	-0.151618	0.114448	22
6	-0.164138	0.135593	17
7	-0.182130	0.046243	10
8	-0.201508	0.209600	8
9	-0.211884	0.105876	17
10	-0.292629	0.052083	10
11	-0.351408	0.000000	6
12	-0.161365	0.134921	16
13	-0.319993	0.036697	17
14	-0.259126	0.109948	12
15	-0.376975	0.025000	7
16	-0.027659	0.121325	16
17	-0.096891	0.114297	11
18	-0.198180	0.017630	20
19	-0.345754	0.002121	8
20	-0.383091	0.037500	9
21	-0.380868	0.013904	8
22	-0.323656	0.030154	4
23	-0.251255	0.078740	15
24	-0.399370	0.000000	7
25	-0.068961	0.005081	12
26	-0.134857	0.215569	32
27	-0.240296	0.009784	18
28	-0.381811	0.025157	7
29	-0.231511	0.000000	6
30	-0.135675	0.001369	6
31	-0.219721	0.286772	10
32	-0.370518	0.005714	7
33	-0.236050	0.151111	16
34	-0.284187	0.125000	11
35	-0.359517	0.000000	5
36	-0.320674	0.000000	9
37	-0.212303	0.049914	15
38	-0.252256	0.056838	16
39	-0.252862	0.001696	8
40	-0.439431	0.034270	10
41	-0.219353	0.036832	22
42	-0.154691	0.144934	21
43	-0.188465	0.081818	12
44	-0.235545	0.036649	11
45	-0.178310	0.028407	15
46	-0.218226	0.061416	8
47	-0.100150	0.009461	15
48	-0.393895	0.021226	10
49	-0.394044	0.001250	8
50	-0.284098	0.228525	20
51	-0.131704	0.281513	21
52	-0.479838	0.000000	4
53	-0.134904	0.055344	18
54	-0.280675	0.059761	11
55	-0.359415	0.028047	12
56	-0.250261	0.152256	10
57	-0.279557	0.074074	11
58	-0.125008	0.013453	17
59	-0.126924	0.063492	18
60	-0.228888	0.082534	13
61	-0.246679	0.053571	17
62	-0.252960	0.334684	23
63	-0.260717	0.191599	24
64	-0.222029	0.032609	9
65	-0.326242	0.245709	9
66	-0.213684	0.258333	28
67	-0.144677	0.082251	13
68	-0.154137	0.017352	16
69	-0.370726	0.004140	9
70	0.005026	0.033516	12
71	-0.353073	0.115742	14
72	-0.278324	0.052083	13
73	-0.494204	0.000000	4
74	-0.279931	0.051546	12
75	-0.208032	0.020040	30
76	-0.402420	0.000000	4
77	-0.057407	0.027778	11
78	-0.293118	0.002563	8
79	-0.362472	0.000423	8
80	-0.283641	0.020979	10
81	-0.313218	0.011577	15
82	-0.226670	0.050580	12
83	-0.298553	0.198795	25
84	-0.368920	0.010802	10
85	-0.212247	0.061927	11
86	-0.277711	0.091892	11
87	0.010669	0.048565	16
88	-0.295930	0.008889	11
89	-0.397559	0.028736	7
90	-0.303385	0.007974	14
91	-0.337911	0.031250	11
92	-0.313560	0.029605	8
93	-0.301152	0.000000	10
94	-0.155876	0.064425	12
95	-0.306300	0.228111	7
96	-0.323432	0.183544	13
97	-0.323672	0.025822	12
98	-0.146847	0.014286	8
99	-0.360512	0.006944	6
100	-0.222041	0.034091	9
101	-0.101112	0.413926	12
102	-0.278080	0.314308	29
103	-0.477585	0.000000	5
104	-0.550724	0.000000	3
105	-0.300264	0.006811	12
106	-0.226661	0.008964	9
107	-0.297505	0.000000	7
108	-0.332540	0.071066	13
109	-0.364861	0.004684	12
lang	topsim		incons		wordtype
0	-0.215164	0.107143	9
1	-0.230167	0.064489	22
2	-0.221727	0.013624	9
3	-0.207593	0.032903	19
4	-0.236006	0.054377	9
5	-0.159285	0.114448	23
6	-0.179639	0.135593	18
7	-0.182421	0.046243	10
8	-0.198054	0.209600	8
9	-0.162029	0.105876	15
10	-0.294183	0.052083	10
11	-0.351408	0.000000	6
12	-0.155890	0.134921	19
13	-0.314455	0.036697	17
14	-0.243955	0.109948	11
15	-0.382386	0.025000	7
16	-0.033186	0.121325	16
17	-0.099849	0.114297	12
18	-0.200203	0.017630	19
19	-0.345754	0.002121	8
20	-0.383091	0.037500	9
21	-0.378516	0.013904	8
22	-0.317202	0.030154	5
23	-0.257634	0.078740	15
24	-0.399370	0.000000	7
25	-0.075776	0.005081	12
26	-0.139772	0.215569	34
27	-0.244553	0.009784	19
28	-0.381811	0.025157	7
29	-0.231511	0.000000	6
30	-0.135675	0.001369	6
31	-0.232945	0.286772	9
32	-0.370518	0.005714	7
33	-0.249164	0.151111	17
34	-0.284187	0.125000	11
35	-0.359517	0.000000	5
36	-0.320674	0.000000	9
37	-0.224832	0.049914	14
38	-0.262830	0.056838	16
39	-0.256943	0.001696	8
40	-0.440405	0.034270	10
41	-0.206896	0.036832	23
42	-0.139794	0.144934	23
43	-0.189944	0.081818	12
44	-0.235545	0.036649	11
45	-0.179642	0.028407	15
46	-0.221410	0.061416	8
47	-0.098862	0.009461	15
48	-0.393170	0.021226	9
49	-0.385725	0.001250	7
50	-0.284058	0.228525	17
51	-0.161352	0.281513	21
52	-0.479838	0.000000	4
53	-0.132513	0.055344	18
54	-0.281732	0.059761	11
55	-0.356284	0.028047	13
56	-0.246527	0.152256	10
57	-0.281617	0.074074	10
58	-0.133591	0.013453	16
59	-0.119766	0.063492	17
60	-0.228888	0.082534	13
61	-0.251366	0.053571	17
62	-0.303434	0.334684	21
63	-0.266774	0.191599	21
64	-0.228682	0.032609	9
65	-0.326242	0.245709	9
66	-0.209983	0.258333	29
67	-0.137173	0.082251	13
68	-0.154237	0.017352	15
69	-0.373733	0.004140	8
70	0.016633	0.033516	12
71	-0.355979	0.115742	14
72	-0.274013	0.052083	13
73	-0.494204	0.000000	4
74	-0.276797	0.051546	13
75	-0.217761	0.020040	29
76	-0.402420	0.000000	4
77	-0.056504	0.027778	11
78	-0.292997	0.002563	8
79	-0.362472	0.000423	8
80	-0.283671	0.020979	10
81	-0.256316	0.011577	16
82	-0.222898	0.050580	12
83	-0.292237	0.198795	26
84	-0.372508	0.010802	10
85	-0.217476	0.061927	11
86	-0.263957	0.091892	11
87	-0.031096	0.048565	16
88	-0.293631	0.008889	11
89	-0.397559	0.028736	7
90	-0.287858	0.007974	14
91	-0.341049	0.031250	11
92	-0.328829	0.029605	9
93	-0.301152	0.000000	10
94	-0.169229	0.064425	15
95	-0.306300	0.228111	7
96	-0.321904	0.183544	13
97	-0.323409	0.025822	12
98	-0.146847	0.014286	8
99	-0.360512	0.006944	6
100	-0.222122	0.034091	9
101	-0.125220	0.413926	13
102	-0.270580	0.314308	29
103	-0.477585	0.000000	5
104	-0.550724	0.000000	3
105	-0.300169	0.006811	12
106	-0.185337	0.008964	9
107	-0.297505	0.000000	7
108	-0.333036	0.071066	13
109	-0.365383	0.004684	12
lang	topsim		incons		wordtype
0	-0.171220	0.107143	9
1	-0.255453	0.064489	24
2	-0.299157	0.013624	9
3	-0.203882	0.032903	18
4	-0.236006	0.054377	9
5	-0.167032	0.114448	25
6	-0.161156	0.135593	18
7	-0.199748	0.046243	10
8	-0.201236	0.209600	8
9	-0.161455	0.105876	15
10	-0.294183	0.052083	10
11	-0.351408	0.000000	6
12	-0.169297	0.134921	17
13	-0.319993	0.036697	17
14	-0.245645	0.109948	12
15	-0.382386	0.025000	7
16	-0.025653	0.121325	17
17	-0.118348	0.114297	13
18	-0.192655	0.017630	19
19	-0.345179	0.002121	8
20	-0.383399	0.037500	9
21	-0.376182	0.013904	8
22	-0.317202	0.030154	5
23	-0.262164	0.078740	16
24	-0.399370	0.000000	7
25	-0.071258	0.005081	12
26	-0.129775	0.215569	34
27	-0.246080	0.009784	20
28	-0.381684	0.025157	7
29	-0.231511	0.000000	6
30	-0.135675	0.001369	6
31	-0.226361	0.286772	12
32	-0.370518	0.005714	7
33	-0.232679	0.151111	17
34	-0.284187	0.125000	11
35	-0.359517	0.000000	5
36	-0.320674	0.000000	9
37	-0.224560	0.049914	14
38	-0.250675	0.056838	15
39	-0.249398	0.001696	8
40	-0.439431	0.034270	10
41	-0.216919	0.036832	22
42	-0.146807	0.144934	21
43	-0.188465	0.081818	12
44	-0.234311	0.036649	11
45	-0.178687	0.028407	15
46	-0.221410	0.061416	8
47	-0.087599	0.009461	16
48	-0.392693	0.021226	9
49	-0.394044	0.001250	8
50	-0.294341	0.228525	21
51	-0.138035	0.281513	23
52	-0.479838	0.000000	4
53	-0.136824	0.055344	18
54	-0.280675	0.059761	11
55	-0.359841	0.028047	14
56	-0.242327	0.152256	10
57	-0.281509	0.074074	10
58	-0.130989	0.013453	17
59	-0.087951	0.063492	17
60	-0.228888	0.082534	13
61	-0.219478	0.053571	17
62	-0.271617	0.334684	19
63	-0.250063	0.191599	24
64	-0.222792	0.032609	9
65	-0.320570	0.245709	9
66	-0.214645	0.258333	30
67	-0.144955	0.082251	13
68	-0.150886	0.017352	15
69	-0.372859	0.004140	9
70	0.026482	0.033516	11
71	-0.351776	0.115742	13
72	-0.278280	0.052083	13
73	-0.494204	0.000000	4
74	-0.274073	0.051546	12
75	-0.210933	0.020040	28
76	-0.402420	0.000000	4
77	-0.057407	0.027778	11
78	-0.296465	0.002563	8
79	-0.362472	0.000423	8
80	-0.283671	0.020979	10
81	-0.281372	0.011577	16
82	-0.212018	0.050580	13
83	-0.273618	0.198795	27
84	-0.377197	0.010802	10
85	-0.212072	0.061927	11
86	-0.269571	0.091892	11
87	-0.027187	0.048565	15
88	-0.292921	0.008889	11
89	-0.397559	0.028736	7
90	-0.303385	0.007974	14
91	-0.337213	0.031250	11
92	-0.313232	0.029605	8
93	-0.301152	0.000000	10
94	-0.157852	0.064425	13
95	-0.306300	0.228111	7
96	-0.354690	0.183544	12
97	-0.320997	0.025822	12
98	-0.146600	0.014286	8
99	-0.360512	0.006944	6
100	-0.225589	0.034091	9
101	-0.221445	0.413926	13
102	-0.277108	0.314308	28
103	-0.477585	0.000000	5
104	-0.550724	0.000000	3
105	-0.300264	0.006811	12
106	-0.227137	0.008964	9
107	-0.297505	0.000000	7
108	-0.333873	0.071066	13
109	-0.364358	0.004684	12
